0000000000000000000000000000000000000000000000000000000000000000000000000000000000000000000000000000000000000000000000000000000000
0000000000000000000000000000000000000000000000000000000000000000000000000000000000000000000000000000000000000000000000000000000000
0000000000000000000000000000000000000000000000000000000000000000000000000000000000000000000000000000000000000000000000000000000000
0000000000000000000000000000000000000000000000000000000000000000000000000000000000000000000000000000000000000000000000000000000000
0000000000000000000000100000000001111111100000000000000000000000000000000000000000000000000000000000000000000000000000000000000000
0000000000000000000000000000000001011111110000000000000000000000000000000000000000000000000000000000000000000000000000000000000000
0000000000000000000000000000000001111111100000000000000000000000000000000000000000000000000000000000000000000000000000000000000000
0000000000000000000000000000000001111111110000000000000000000000000000000000000000000000000000000000000000000000000000000000000000
0000000000000000000000000000000001111111110000000000000000000000000000000000000000000000000000000000000000000000000000000000000000
0000000000000000000000000000000001111111100000000000000000000000000000000000000000000000000000000000000000000000000000000000000000
0000000000000000000000000000000001111111100000000000000000000000000000000000000000000000000000000000000000000000000000000000000000
0000000000000000000000000000000001111111110000000000000000000000000000000000000000000000000000000000000000000000000000000000000000
0000000000000000000000000000000001111111110000000000000000000000000000000000000000000000000000000000000000000000000000000000000000
0000000000000000000000000000000001111111110000000000000000000000000000000000000000000000000000000000000000000000000000000000000000
0000000000000000000000000000000011111111110000000000000000000000000000000000000000000000000000000000000000000000000000000000000000
0000000000000000000000000000000111111111110000000000000000000000000000000000000000000000000000000000000000000000000000000000000000
0000000000000000000000000000000011111111110000000000000000000000000000000000000000000000000000000000000000000000000000000000000000
0000000000000000000000000000000011111111110000000000000000000000000000000000000000000000000000000000000000000000000000000000000000
0000000000000000000000000000000011111111110000000000000000000000000000000000000000000000000000000000000000000000000000000000000000
0000000000000000000000000000000011111111110000000000000000000000000000000000000000000000000000000000000000000000000000000000000000
0000000000000000000000000000000011111111110000000000000000000000000000000000000000000000000000000000000000000000000000000000000000
0000000000000000000000000000000011111111110000000000000000000000000000000000000000000000000000000000000000000000000000000000000000
0000000000000000000000000000000111111111110000000000000000000000000000000000000000000000000000000000000000000000000000000000000000
0000000000000000000000000000000111111111110000000000000000000000000000000000000000000000000000000000000000000000000000000000000000
0000000000000000000000000000000011111111110000000000000000000000000000000000000000000000000000000000000000000000000000000000000000
0000000000000000000000000000000011111111110000000000000000000000000000000000000000000000000000000000000000000000000000000000000000
0000000000000000000000000000000011111111110000000000000000000000000000000000000000000000000000000000000000000000000000000000000000
0000000000000000000000000000000011111111110000000000000000000000000000000000000000000000000000000000000000000000000000000000000000
0000000000000000000000000000000011111111100000000000000000000000000000000000000000000000000000000000000000000000000000000000000000
0000000000000000000000000000000011111111100000000000000000000000000000000000000000000000000000000000000000000000000000000000000000
0000000000000000000000000000000011111111100000000000000000000000000000000000000000000000000000000000000000000000000000000000000000
0000000000000000000000000000000011111111100000000000000000000000000000000000000000000000000000000000000000000000000000000000000000
0000000000000000000000000000000011111111100000000000000000000000000000000000000000000000000000000000000000000000000000000000000000
0001111111110000000000000000000011111111100000000000000000000000000000000000000000000000000000000000000000000000000000000000000000
0001111111010000000000000000000011111111110000000000000000000000000000000000000000000000000000000000000000000000000000000000000000
0000100000010000100000000000000011111111110000000000000000000000000000000000000000000000000000000000000000000000000000000000000000
0000100000011000100000000000000011111111110000000000000000000000000000000000000000000000000000000000000000000000000000000000000000
0000110000011100000000000000000011111111110000000000000000000000000000000000000000000000000000000000000000000000000000000000000000
0000001101011100101000000000000011111111110000000000000000000000000000000000000000000000000000000000000000000000000000000000000000
0000001100010000000000000000000111111111110000000000000000000000000000000000000000000000000000000000000000000000000000000000000000
0000001000000001000000000000000011111111110000000000000000000000000000000000000000000000000000000000000000000000000000000000000000
0000001100011111000000000000000011111111110000000000000000000000000000000000000000000000000000000000000000000000000000000000000000
0000000110100011100000000000000010111111110000000000000000000000000000000000000000000000000000000000000000000000000000000000000000
0000000010000001100000000000000111101111110000000000000000000000000000000000000000000000000000000000000000000000000000000000000000
0000000011000001110000000000001111111111110000000000000000000000000000000000000000000000000000000000000000000000000000000000000000
0000000011000001110000000000001111111111110000000000000000000000000000000000000000000000000000000000000000000000000000000000000000
0000000011100001100000000000101111111111110000000000000000000000000000000000000000000000000000000000000000000000000000000000000000
0000000011100000000000000000001111111111110000000000000000000000000000000000000000000000000000000000000000000000000000000000000000
0000000000100000001100000000001111111111110000000000000000000000000000000000000000000000000000000000000000000000000000000000000000
0000000000011111111110000000010000000000000000000000000000000000000000000000000000000000000000000000000000000000000000000000000000
0000000000111111111110000000000000000000000000000000000000000000000000000000000000000000000000000000000000000000000000000000000000
0000000000110111111010000000000000000000000000000000000000000000000000000000000000000000000000000000000000000000000000000000000000
0000000000001010100010000000000000000000000000000000000000000000000000000000000000000000000000000000000000000000000000000000000000
0000000000001011111000000000000000000000000000000000000000000000000000000000000000000000000000000000000000000000000000000000000000
0000000000001111101111100000000000000000000000000000000000000000000000000000000000000000000000000000000000000000000000000000000000
0000000000000110111111110000000000000000000000000000000000000000000000000000000000000000000000000000000000000000000000000000000000
0000000000000011111111110000000000000000000000000000000000000000000000000000000000000000000000000000000000000000000000000000000000
0000000000000010111111111000000000000000000000000000000000000000000000000000000000000000000000000000000000000000000000000000000000
0000000000000001111111111000000000000000000000000000000000000000000000000000000000000000000000000000000000000000000000000000000000
0000000000000001110101111000000000000000000000000000000000000000000000000000000000000000000000000000000000000000000000000000000000
0000000000000001111111111000000000000000000000000000000000000000000000000000000000000000000000000000000000000000000000000000000000
0000000000000001111101111000000000000000000000000000000000000000000000000000000000000000000000000000000000000000000000000000000000
0000000000000011111111111000000000000000000000000000000000000000000000000000000000000000000000000000000000000000000000000000000000
0000000000000001111111111000000000000000000000000000000000000000000000000000000000000000000000000000000000000000000000000000000000
0000000000000001110111111000000000000000000000000000000000000000000000000000000000000000000000000000000000000000000000000000000000
0000000000000000111111111000000000000000000000000000000000000000000000000000000000000000000000000000000000000000000000000000000000
0000000000000001111111111000000000000000000000000000000000000000000000000000000000000000000000000000000000000000000000000000000000
0000000000000000000000000000000000000000000000000000000000000000000000000000000000000000000000000000000000000000000000000000000000
0000000000000000000000000000000000000000000000000000000000000000000000000000000000000000000000000000000000000000000000000000000000
0000000000000000000000000000000000000000000000000000000000000000000000000000000000000000000000000000000000000000000000000000000000
0000000000000000000000000000000000000000000000000000000000000000000000000000000000000000000000000000000000000000000000000000000000
0000000000000000000000000000000000000000000000000000000000000000000000000000000000000000000000000000000000000000000000000000000000
0000000000000000000000000000000000000000000000000000000000000000000000000000000000000000000000000000000000000000000000000000000000
0000000000000000000000000000000000000000000000000000000000000000000000000000000000000000000000000000000000000000000000000000000000
0000000000000000000000000000000000000000000000000000000000000000000000000000000000000000000000000000000000000000000000000000000000
