4489 8 12
3506 14 21
12 18 27
4479 7 28
9 20 30
3951 14 31
10 22 33
10 26 39
12 18 40
-723 28 42
2682 14 46
8 32 48
12 22 49
3996 34 51
13 13 55
9 26 58
18 40 60
19 15 64
3988 44 66
20 30 67
8 22 73
2698 34 76
17 9 82
4489 62 93
23 30 100
3506 68 102
15 25 109
35 22 118
16 38 127
3463 88 132
63 -891 142
-969 98 147
3938 46 154
3631 104 156
4485 70 157
4209 106 159
2683 4491 163
3456 110 165
3995 74 166
3981 112 168
3442 3972 169
4462 114 171

1 278 43

3 16 52
35 18 53
24 36 54
17 9 55
37 25 56
20 38 57
12 26 58
39 18 59
21 40 60
27 2612 61
41 4489 62
28 42 63
22 19 64
43 29 65
14 44 66
23 30 67
45 3506 68
20 46 69
31 24 70
47 3975 71
32 48 72
15 25 73
49 33 74
21 50 75
3794 34 76
51 26 77
4479 52 78
35 22 79
53 27 80
36 54 81
15 80 82
55 37 83
28 56 84
16 38 85
57 24 86
30 58 87
39 3463 88
59 3951 89
40 60 90
31 3956 91
61 41 92
26 62 93
33 42 94
63 -891 95
2865 64 96
43 29 97
65 -969 98
44 66 99
2999 30 100
67 45 101
2612 68 102
3938 46 103
69 3631 104
4485 70 105
47 4209 106
71 3387 107
48 72 108
2683 4491 109
73 3456 110
3995 74 111
2571 3981 112
3442 3972 113
3637 4462 114

81 4415 115

